[Moose Mtn]
lat = 50.896738
long = -114.765835